65180 45018
53823 24898
23428 81604
4013 56809
55721 28175
99614 67941
25790 30180
9304 33831
69443 30226
98975 44148
69964 64176
65338 19751
17997 13188
51942 19611
85657 6930
3268 50836
51948 57092
75734 75377
38695 79748
32185 94416
7922 31799
62357 33713
61979 71661
67545 31422
1887 66520
75570 71852
30695 40907
91603 48693
54096 43544
68305 39752
50474 71574
90589 2422
28665 66323
77799 67361
46071 9983
61776 53994
41782 24132
87708 3761
95794 55252
35183 97682
21771 10753
69533 52467
51661 61135
1160 5756
4679 69466
45509 55153
41039 36097
57576 69705
2419 35374
37065 48491
45357 98842
2484 87140
22974 90192
90902 18768
45444 26084
16449 67216
36838 85983
19682 88499
47118 20843
94255 51797
90309 39763
6950 31347
75861 64526
1052 78281
99900 38117
26771 45257
36959 29255
32397 59933
19447 23298
78702 64891
49383 95151
32106 86221
81134 51789
74720 28251
72632 68974
80049 62941
8737 87000
94289 84598
51525 95341
62878 51425
33458 89649
96683 70417
18904 29080
30350 38351
52378 9051
3242 1761
4202 35348
87983 85336
87137 62702
13587 59769
31675 93636
22709 40413
80635 16997
25010 32160
12338 87889
83586 45796
77538 80268
16213 96443
9347 46563
34794 61726
