5258	
89751	
60412	
49424	
50235	
24356	
11640	
5017	
5261	
53383	
7430	
48472	
3408	
11414	
43555	
92905	
48845	
2254	
94293	
95187	
65982	
44657	
30109	
5610	
41580	
15446	
65856	
66524	
73322	
98376	
21010	
44253	
9667	
3651	
60719	
59871	
116	
88721	
36177	
70230	
6433	
99957	
31317	
66872	
83917	
43448	
26474	
33256	
14701	
51035	
49453	
35106	
78054	
75348	
65959	
90511	
48328	
64859	
88198	
97256	
8857	
62000	
72393	
122	
67407	
74627	
88992	
41082	
75928	
55152	
79895	
68950	
28425	
52606	
29975	
79226	
40524	
91916	
77781	
59792	
50032	
28705	
62066	
40205	
56954	
42489	
87323	
81572	
44547	
94065	
87103	
41481	
27796	
56421	
14110	
15363	
50261	
90650	
67963	
36329	
