55615 56615 38036 39036
63488 64488 59818 60818
73384 74384 51470 52470
45153 46153 60521 61521
14171 15171 58741 59741
20289 21289 45847 46847
52377 53377 42999 43999
86261 87261 33012 34012
59996 60996 11270 12270
65172 66172 72334 73334
48757 49757 18130 19130
76698 77698 29025 30025
34343 35343 73140 74140
38373 39373 80907 81907
7933 8933 99 1099
36521 37521 45969 46969
63587 64587 96339 97339
19353 20353 15056 16056
41492 42492 79875 80875
29228 30228 233 1233
163 1163 75076 76076
52610 53610 43163 44163
61336 62336 85622 86622
3159 4159 72607 73607
50794 51794 75494 76494
71766 72766 93624 94624
48464 49464 28576 29576
27967 28967 21603 22603
66950 67950 8873 9873
29537 30537 67049 68049
45395 46395 75507 76507
30635 31635 41734 42734
94861 95861 45692 46692
83227 84227 74735 75735
74921 75921 83460 84460
74899 75899 49996 50996
36069 37069 18061 19061
11331 12331 21690 22690
21220 22220 83939 84939
72484 73484 96715 97715
55705 56705 72035 73035
90338 91338 4168 5168
611 1611 18304 19304
25772 26772 67561 68561
27178 28178 55310 56310
34609 35609 72573 73573
30816 31816 65245 66245
14306 15306 25677 26677
10936 11936 97533 98533
411 1411 85858 86858
80992 81992 75311 76311
35853 36853 17061 18061
93372 94372 47185 48185
38752 39752 14592 15592
31123 32123 11236 12236
11306 12306 86828 87828
83271 84271 1644 2644
90996 91996 83883 84883
19949 20949 16768 17768
51443 52443 47127 48127
72078 73078 86053 87053
19699 20699 2894 3894
51297 52297 34006 35006
28571 29571 62234 63234
31539 32539 28983 29983
48091 49091 12530 13530
4293 5293 83944 84944
29592 30592 97665 98665
31129 32129 68344 69344
12257 13257 62252 63252
79580 80580 23564 24564
49079 50079 62851 63851
25208 26208 40075 41075
46734 47734 45157 46157
56843 57843 98177 99177
92285 93285 28920 29920
84229 85229 11984 12984
31814 32814 35526 36526
45990 46990 60386 61386
97760 98760 77529 78529
89369 90369 45850 46850
90060 91060 93662 94662
29794 30794 19651 20651
91327 92327 60923 61923
87996 88996 3584 4584
23174 24174 67576 68576
27148 28148 72254 73254
30427 31427 52357 53357
12329 13329 77161 78161
97514 98514 69172 70172
75337 76337 89799 90799
98093 99093 59566 60566
1782 2782 29907 30907
95092 96092 47772 48772
90294 91294 92852 93852
25301 26301 79662 80662
38702 39702 15360 16360
73324 74324 68496 69496
35012 36012 64650 65650
29419 30419 23008 24008
