50
1 5913 50475
2 27509 51605
3 92500 12439
4 1344 29794
5 16111 18583
6 78563 94689
7 56535 99837
8 25753 58994
9 87251 51811
10 4327 34418
11 45921 91500
12 40814 64551
13 70012 35082
14 19930 63208
15 15811 75084
16 52571 21725
17 25558 80080
18 73330 18058
19 92520 74675
20 47852 8631
21 93259 26414
22 3320 49794
23 26251 29073
24 8787 13501
25 80884 13115
26 47920 26804
27 4614 88734
28 91355 74627
29 23815 11285
30 37835 39627
31 86369 90406
32 61352 11927
33 70486 34682
34 29985 63005
35 9357 77838
36 71636 2615
37 4252 74956
38 52409 30503
39 4029 61197
40 44004 84914
41 74312 91924
42 11717 78927
43 80658 3072
44 53553 4473
45 14357 91388
46 44100 726
47 81794 5452
48 12653 52279
49 40135 42639
50 15284 49492
