65899	
85951	
58132	
7987	
14469	
9284	
2867	
91419	
32849	
98798	
65058	
86980	
56256	
65677	
81983	
72826	
65214	
37541	
45841	
54955	
26213	
66832	
23035	
60564	
81012	
59447	
8426	
84003	
32088	
36497	
40499	
87636	
87379	
21902	
97422	
65693	
62482	
58401	
64831	
53913	
18866	
66015	
21917	
64494	
53718	
91236	
75181	
88227	
55892	
90763	
56249	
41663	
72737	
97359	
69583	
2017	
77520	
25641	
59711	
7066	
29882	
66360	
49515	
26799	
59116	
20128	
11761	
52502	
76038	
5278	
97720	
63284	
24907	
78145	
87241	
86673	
87146	
18117	
71431	
37405	
50443	
66860	
18891	
57300	
78528	
58746	
7763	
74544	
72340	
67409	
20322	
93892	
28662	
73003	
23567	
59991	
78750	
16282	
42146	
3535	
