56206 32128
17521 36324
35577 9974
77698 15927
37927 46388
63355 11361
93120 32477
65031 1411
40341 98492
41278 52873
14859 66100
96324 91257
19658 55219
53420 9987
74264 29187
25311 30470
61316 42832
66795 96894
52806 44493
12820 90734
90881 76176
2094 84001
8652 67125
85412 48993
65617 26690
1866 80477
92791 98190
71734 12448
53408 25154
22436 27672
54341 47747
58142 15657
90579 24937
12550 43385
69430 25371
34118 60311
1546 36213
44311 10199
3338 29723
59193 68955
56414 61059
49432 49204
59248 21165
61653 12656
46319 84089
40328 660
31835 98471
16317 22413
23407 28868
65798 92837
54240 99917
53147 55786
36129 97458
65986 39467
27181 25178
8422 83595
86237 57854
32798 45485
79020 94451
58141 25339
78539 98469
26000 10374
96939 42318
32787 20345
71186 98586
13182 25425
98503 66329
81212 34632
63787 47198
74099 90968
72377 82522
74563 58613
40376 7360
4098 19395
1811 62239
44735 80351
60708 70735
90725 57646
13052 23512
77992 84239
22098 91174
9664 20600
57503 90877
55232 21290
38074 29331
12257 10450
11852 86821
69064 52228
94181 73163
71624 95993
35401 16358
76343 96109
87094 67068
53755 146
90580 31747
84385 12677
22920 94050
33278 80424
84926 88510
1713 23000
